RemoveBuildingForPlayer(playerid, 3710, 2788.1563, -2493.9844, 16.7266, 0.25);
RemoveBuildingForPlayer(playerid, 3761, 2783.7813, -2501.8359, 14.6953, 0.25);
RemoveBuildingForPlayer(playerid, 3624, 2788.1563, -2493.9844, 16.7266, 0.25);
RemoveBuildingForPlayer(playerid, 3761, 2783.7813, -2486.9609, 14.6563, 0.25);
RemoveBuildingForPlayer(playerid, 3761, 2791.9531, -2501.8359, 14.6328, 0.25);
RemoveBuildingForPlayer(playerid, 3761, 2797.5156, -2486.8281, 14.6328, 0.25);
RemoveBuildingForPlayer(playerid, 3761, 2791.9531, -2486.9609, 14.6328, 0.25);
CreateDynamicObject(987, 2719.89941, -2409.58911, 12.44300,   0.00000, 0.00000, -90.00000);
CreateDynamicObject(987, 2719.89941, -2389.37988, 12.44300,   0.00000, 0.00000, -90.00000);
CreateDynamicObject(987, 2719.89941, -2377.38379, 12.44300,   0.00000, 0.00000, -90.00000);
CreateDynamicObject(987, 2719.89941, -2340.49976, 12.44300,   0.00000, 0.00000, -90.00000);
CreateDynamicObject(987, 2719.89941, -2330.47485, 12.44300,   0.00000, 0.00000, -90.00000);
CreateDynamicObject(987, 2731.58862, -2330.56470, 12.44300,   0.00000, 0.00000, 180.00000);
CreateDynamicObject(987, 2743.55981, -2330.56470, 12.44300,   0.00000, 0.00000, 180.00000);
CreateDynamicObject(987, 2755.54321, -2330.56470, 12.44300,   0.00000, 0.00000, 180.00000);
CreateDynamicObject(987, 2767.53638, -2330.56470, 12.44300,   0.00000, 0.00000, 180.00000);
CreateDynamicObject(987, 2779.52295, -2330.56470, 12.44300,   0.00000, 0.00000, 180.00000);
CreateDynamicObject(987, 2791.51978, -2330.56470, 12.44300,   0.00000, 0.00000, 180.00000);
CreateDynamicObject(987, 2803.50269, -2330.56470, 12.44300,   0.00000, 0.00000, 180.00000);
CreateDynamicObject(987, 2810.64258, -2330.56470, 12.44300,   0.00000, 0.00000, 180.00000);
CreateDynamicObject(987, 2810.54614, -2342.33765, 12.44300,   0.00000, 0.00000, 90.00000);
CreateDynamicObject(3279, 2726.88452, -2493.25049, 12.57330,   0.00000, 0.00000, 0.00000);
CreateDynamicObject(3279, 2730.17334, -2393.75537, 12.57330,   0.00000, 0.00000, 0.00000);
CreateDynamicObject(3268, 2792.05298, -2495.24219, 12.60930,   0.00000, 0.00000, 0.00000);
CreateDynamicObject(3279, 2804.57373, -2339.35962, 12.57330,   0.00000, 0.00000, -90.00000);
CreateDynamicObject(3279, 2726.18677, -2337.30054, 12.57330,   0.00000, 0.00000, 0.00000);
CreateDynamicObject(3279, 2734.99634, -2557.55542, 12.57330,   0.00000, 0.00000, 0.00000);
CreateDynamicObject(987, 2719.89941, -2487.92505, 12.44300,   0.00000, 0.00000, -90.00000);
CreateDynamicObject(987, 2719.89941, -2475.94556, 12.44300,   0.00000, 0.00000, -90.00000);
CreateDynamicObject(987, 2719.89941, -2508.27783, 12.44300,   0.00000, 0.00000, -90.00000);
CreateDynamicObject(987, 2726.55688, -2553.83472, 12.44300,   0.00000, 0.00000, -90.00000);
CreateDynamicObject(987, 2726.55688, -2541.85327, 12.44300,   0.00000, 0.00000, -90.00000);
CreateDynamicObject(987, 2726.44141, -2565.53931, 12.44300,   0.00000, 0.00000, 0.00000);
CreateDynamicObject(987, 2738.40869, -2565.53931, 12.44300,   0.00000, 0.00000, 0.00000);
CreateDynamicObject(987, 2764.01294, -2565.53931, 12.44300,   0.00000, 0.00000, 0.00000);
CreateDynamicObject(987, 2775.99634, -2565.53931, 12.44300,   0.00000, 0.00000, 0.00000);
CreateDynamicObject(987, 2787.99780, -2565.53931, 12.44300,   0.00000, 0.00000, 0.00000);
CreateDynamicObject(987, 2798.76392, -2565.53931, 12.44300,   0.00000, 0.00000, 0.00000);
CreateDynamicObject(987, 2810.54614, -2565.66187, 12.44300,   0.00000, 0.00000, 90.00000);
CreateDynamicObject(987, 2810.54614, -2553.68262, 12.44300,   0.00000, 0.00000, 90.00000);
CreateDynamicObject(987, 2810.54614, -2541.70435, 12.44300,   0.00000, 0.00000, 90.00000);
CreateDynamicObject(987, 2810.54614, -2529.73120, 12.44300,   0.00000, 0.00000, 90.00000);
CreateDynamicObject(987, 2810.54614, -2517.74316, 12.44300,   0.00000, 0.00000, 90.00000);
CreateDynamicObject(987, 2810.54614, -2505.77588, 12.44300,   0.00000, 0.00000, 90.00000);
CreateDynamicObject(987, 2810.54614, -2493.79712, 12.44300,   0.00000, 0.00000, 90.00000);
CreateDynamicObject(987, 2810.54614, -2481.81665, 12.44300,   0.00000, 0.00000, 90.00000);
CreateDynamicObject(987, 2810.54614, -2469.82520, 12.44300,   0.00000, 0.00000, 90.00000);
CreateDynamicObject(987, 2810.54614, -2457.83960, 12.44300,   0.00000, 0.00000, 90.00000);
CreateDynamicObject(987, 2810.54614, -2445.86523, 12.44300,   0.00000, 0.00000, 90.00000);
CreateDynamicObject(987, 2810.54614, -2433.88232, 12.44300,   0.00000, 0.00000, 90.00000);
CreateDynamicObject(987, 2810.54614, -2421.89502, 12.44300,   0.00000, 0.00000, 90.00000);
CreateDynamicObject(987, 2810.54614, -2409.90210, 12.44300,   0.00000, 0.00000, 90.00000);
CreateDynamicObject(987, 2810.54614, -2397.90259, 12.44300,   0.00000, 0.00000, 90.00000);
CreateDynamicObject(987, 2810.54614, -2385.91846, 12.44300,   0.00000, 0.00000, 90.00000);
CreateDynamicObject(987, 2810.54614, -2373.93604, 12.44300,   0.00000, 0.00000, 90.00000);
CreateDynamicObject(987, 2810.54614, -2361.94800, 12.44300,   0.00000, 0.00000, 90.00000);
CreateDynamicObject(987, 2810.54614, -2349.96411, 12.44300,   0.00000, 0.00000, 90.00000);
CreateDynamicObject(3934, 2781.25757, -2351.44263, 12.62570,   0.00000, 0.00000, 0.00000);