CreateObject(1237, 632.37518, -1518.73145, 13.82500,   0.00000, 0.00000, 0.00000);
CreateObject(982, 632.37439, -1505.50488, 14.23480,   0.00000, 0.00000, 0.09800);
CreateObject(982, 632.47308, -1429.14294, 13.13360,   -1.50800, 0.00000, 359.69699);
CreateObject(982, 632.37439, -1466.65527, 13.79380,   0.00000, 0.00000, 359.89700);
CreateObject(1237, 632.57037, -1415.92883, 12.36630,   0.00000, 0.00000, 0.00000);
CreateObject(1569, 606.20520, -1457.71558, 13.34830,   0.00000, 0.00000, -90.00000);
CreateObject(4199, 584.82672, -1515.72717, 16.10230,   0.00000, 0.00000, 0.00000);
CreateObject(984, 595.55737, -1434.28845, 79.54690,   0.00000, 0.00000, 90.00000);
CreateObject(982, 609.05591, -1469.86768, 79.59320,   0.00000, 0.00000, 0.00000);
CreateObject(982, 589.16339, -1469.86768, 79.59320,   0.00000, 0.00000, 0.00000);
CreateObject(984, 602.63910, -1434.28845, 79.54690,   0.00000, 0.00000, 90.00000);
CreateObject(982, 609.05591, -1447.07800, 79.59320,   0.00000, 0.00000, 0.00000);
CreateObject(982, 589.16339, -1447.07800, 79.59320,   0.00000, 0.00000, 0.00000);
CreateObject(984, 602.63910, -1482.69324, 79.54690,   0.00000, 0.00000, 90.00000);
CreateObject(984, 595.55737, -1482.69324, 79.54690,   0.00000, 0.00000, 90.00000);
CreateObject(3934, 599.35718, -1443.36829, 79.14690,   0.00000, 0.00000, 0.00000);
CreateObject(4642, 595.05688, -1477.81702, 80.82990,   0.00000, 0.00000, 180.00000);