RemoveBuildingForPlayer(playerid, 1440, 1141.9844, -1346.1094, 13.2656, 0.25);
CreateObject(3475, 1151.17358, -1292.46228, 14.90720,   0.00000, 0.00000, 243.63879);
CreateObject(3475, 1152.70325, -1347.24219, 15.10120,   0.00000, 0.00000, 90.00000);
CreateObject(3475, 1134.07471, -1291.27576, 14.90720,   0.00000, 0.00000, -90.00000);
CreateObject(3475, 1089.69250, -1333.31165, 15.08520,   0.00000, 0.00000, 0.00000);
CreateObject(3475, 1146.72595, -1347.24219, 15.10120,   0.00000, 0.00000, 90.00000);
CreateObject(3475, 1140.74719, -1347.24219, 15.10120,   0.00000, 0.00000, 90.00000);
CreateObject(1569, 1146.98596, -1318.40625, 12.60670,   0.00000, 0.00000, 0.00000);
CreateObject(12958, 1148.22009, -1322.62463, 14.36660,   0.00000, 0.00000, -90.00000);
CreateObject(1569, 1160.76343, -1330.52979, 30.47880,   0.00000, 0.00000, 0.00000);
CreateObject(1569, 1150.05884, -1334.17908, 18.37560,   0.00000, 0.00000, 90.00000);
CreateObject(3934, 1161.70764, -1312.35474, 30.48450,   0.00000, 0.00000, 0.00000);
CreateObject(1368, 1181.31213, -1332.36438, 13.24250,   0.00000, 0.00000, 90.00000);
CreateObject(1368, 1181.31213, -1315.10168, 13.24250,   0.00000, 0.00000, 90.00000);
CreateObject(617, 1180.93774, -1360.71729, 13.10200,   0.00000, 0.00000, 0.00000);