RemoveBuildingForPlayer(playerid, 1290, 1280.2031, -2062.1016, 63.7734, 0.25);
CreateObject(3749, 1281.66858, -2056.47852, 63.79800,   0.00000, 0.00000, 87.82210);
CreateObject(987, 1267.33081, -2065.97144, 57.93750,   0.00000, 0.00000, 0.00000);
CreateObject(987, 1283.92822, -2034.72241, 53.04634,   0.00000, 0.00000, 90.00000);
CreateObject(987, 1283.92822, -2022.76172, 53.07615,   0.00000, 0.00000, 90.00000);
CreateObject(987, 1284.03430, -2002.81348, 53.13793,   0.00000, 0.00000, 180.00000);
CreateObject(987, 1283.92822, -2014.52112, 52.84655,   0.00000, 0.00000, 90.00000);
CreateObject(987, 1272.07202, -2002.81348, 57.93750,   0.00000, 0.00000, 180.00000);
CreateObject(987, 1260.11975, -2002.81348, 57.93750,   0.00000, 0.00000, 180.00000);
CreateObject(987, 1248.14905, -2002.81348, 57.93750,   0.00000, 0.00000, 180.00000);
CreateObject(987, 1283.92822, -2046.69690, 57.93750,   0.00000, 0.00000, 90.00000);
CreateObject(987, 1255.38635, -2065.97144, 57.93750,   0.00000, 0.00000, 0.00000);
CreateObject(987, 1238.51563, -2072.04395, 57.93750,   0.00000, 0.00000, 30.35343);
CreateObject(987, 1248.86328, -2065.97144, 57.93750,   0.00000, 0.00000, 0.00000);
CreateObject(987, 1284.03430, -2002.81348, 57.93750,   0.00000, 0.00000, 180.00000);
CreateObject(987, 1283.92822, -2014.52112, 57.93750,   0.00000, 0.00000, 90.00000);
CreateObject(987, 1283.92822, -2022.76172, 57.93750,   0.00000, 0.00000, 90.00000);
CreateObject(987, 1283.92822, -2034.72241, 57.93750,   0.00000, 0.00000, 90.00000);