RemoveBuildingForPlayer(playerid, 3744, 2193.2578, -2286.2891, 14.8125, 0.25);
RemoveBuildingForPlayer(playerid, 3574, 2193.2578, -2286.2891, 14.8125, 0.25);
RemoveBuildingForPlayer(playerid, 3630, 2217.5859, -2284.6641, 15.2344, 0.25);
CreateObject(3630, 2217.15039, -2280.48877, 15.24470,   0.00000, 0.00000, 224.99570);
CreateObject(3574, 2184.82788, -2296.81152, 15.20630,   0.00000, 0.00000, 44.75520);
CreateObject(14409, 2202.12622, -2281.68530, 10.56100,   0.00000, 0.00000, 44.72040);
CreateObject(2060, 2175.53516, -2247.51025, 12.29766,   0.00000, 0.00000, 316.34396);
CreateObject(2060, 2175.09790, -2247.10718, 12.45180,   0.00000, 0.00000, 320.06790);
CreateObject(2060, 2174.63330, -2247.06763, 12.29766,   0.00000, 0.00000, 32.48095);
CreateObject(2060, 2173.83740, -2247.92505, 12.29766,   0.00000, 0.00000, 47.75839);
CreateObject(2060, 2174.57935, -2247.07593, 12.65290,   0.00000, 0.00000, 24.75450);
CreateObject(2060, 2174.66064, -2247.49341, 12.29565,   0.00000, 0.00000, 46.09697);
CreateObject(2060, 2174.27344, -2247.37256, 12.45180,   0.00000, 0.00000, 47.75840);
CreateObject(2060, 2229.16162, -2286.59570, 13.60950,   0.00000, 0.00000, 313.43524);
CreateObject(2060, 2229.18311, -2286.56177, 13.37233,   0.00000, 0.00000, 312.82001);
CreateObject(2060, 2230.03076, -2287.28516, 13.37233,   0.00000, 0.00000, 326.82397);
CreateObject(2060, 2230.23486, -2287.01172, 13.37233,   0.00000, 0.00000, 326.82397);
CreateObject(2060, 2229.41797, -2286.31445, 13.37233,   0.00000, 0.00000, 312.82001);
CreateObject(2060, 2230.03076, -2287.28516, 13.65991,   0.00000, 0.00000, 327.76083);
CreateObject(2060, 2229.52905, -2286.97729, 13.81840,   0.00000, 0.00000, 320.93729);
CreateObject(966, 2231.92090, -2212.80396, 12.49480,   0.00000, 0.00000, 134.88274);
CreateObject(983, 2229.31470, -2210.49316, 13.19380,   0.00000, 0.00000, 44.74165);
CreateObject(983, 2238.95972, -2220.23950, 13.19380,   0.00000, 0.00000, 44.74165);
CreateObject(968, 2231.82422, -2212.71094, 13.24770,   0.00000, 0.00000, 315.47751);