RemoveBuildingForPlayer(playerid, 3376, 1070.4766, -355.1641, 77.3359, 0.25);
RemoveBuildingForPlayer(playerid, 3375, 1070.4766, -355.1641, 77.3359, 0.25);
RemoveBuildingForPlayer(playerid, 13206, 1072.9531, -289.1797, 72.7344, 0.25);
CreateDynamicObject(18248, 1087.20166, -355.22601, 80.81350,   0.00000, 0.00000, 239.83330);
CreateDynamicObject(18249, 1075.21436, -291.59756, 77.25130,   0.00000, 0.00000, 85.34600);
CreateDynamicObject(898, 1080.06592, -361.28317, 69.84393,   0.00000, 0.00000, 231.19344);
CreateDynamicObject(898, 1083.31897, -355.20721, 69.72440,   0.00000, 0.00000, 290.80280);
CreateDynamicObject(898, 1085.03394, -351.30563, 69.04780,   0.00000, 0.00000, 228.71907);
CreateDynamicObject(900, 1075.47986, -358.42386, 70.18314,   0.00000, 0.00000, 4.79649);
CreateDynamicObject(901, 1084.18640, -349.42255, 69.89282,   0.00000, 0.00000, 348.28085);
CreateDynamicObject(934, 1040.01624, -308.54401, 74.28980,   0.00000, 0.00000, 0.00000);
CreateDynamicObject(931, 1051.81653, -314.08801, 74.03290,   0.00000, 0.00000, -90.00000);
CreateDynamicObject(941, 1039.99829, -313.13290, 73.45540,   0.00000, 0.00000, 90.00000);
CreateDynamicObject(1415, 1024.38306, -315.79831, 73.08370,   0.00000, 0.00000, 0.00000);
CreateDynamicObject(3864, 1052.31055, -364.52991, 78.99220,   0.00000, 0.00000, 212.35091);