RemoveBuildingForPlayer(playerid, 1226, 1774.7578, -1931.3125, 16.3750, 0.25);
RemoveBuildingForPlayer(playerid, 1226, 1806.4297, -1931.6016, 16.3750, 0.25);
RemoveBuildingForPlayer(playerid, 5024, 1748.8438, -1883.0313, 14.1875, 0.25);
RemoveBuildingForPlayer(playerid, 1226, 1774.7578, -1901.5391, 16.3750, 0.25);
RemoveBuildingForPlayer(playerid, 1226, 1806.4297, -1901.8281, 16.3750, 0.25);
CreateObject(984, 1800.29456, -1935.57410, 12.62800,   0.00000, 0.00000, 90.00000);
CreateObject(984, 1806.69678, -1929.15613, 12.62800,   0.00000, 0.00000, 0.00000);
CreateObject(1257, 1807.95618, -1917.69080, 13.83070,   0.00000, 0.00000, 0.00000);
CreateObject(984, 1806.69678, -1906.21313, 12.62800,   0.00000, 0.00000, 0.00000);
CreateObject(984, 1780.70410, -1884.53894, 12.62800,   0.00000, 0.00000, 90.00000);
CreateObject(984, 1793.51367, -1884.53894, 12.62800,   0.00000, 0.00000, 90.00000);
CreateObject(984, 1780.70142, -1935.57410, 12.62800,   0.00000, 0.00000, 90.00000);
CreateObject(984, 1774.30896, -1929.14368, 12.62800,   0.00000, 0.00000, 0.00000);
CreateObject(984, 1774.30896, -1916.33179, 12.62800,   0.00000, 0.00000, 0.00000);
CreateObject(1340, 1765.16650, -1886.63757, 13.59540,   0.00000, 0.00000, -90.00000);
CreateObject(3472, 1807.57605, -1901.63745, 12.82520,   0.00000, 0.00000, 90.00000);
CreateObject(3472, 1773.63098, -1901.64587, 12.82520,   0.00000, 0.00000, 0.00000);
CreateObject(3472, 1807.57605, -1931.53760, 12.82520,   0.00000, 0.00000, 90.00000);
CreateObject(3472, 1773.63098, -1931.49097, 12.82520,   0.00000, 0.00000, 0.00000);
CreateObject(1256, 1758.68921, -1906.34814, 13.23370,   0.00000, 0.00000, -90.00000);
CreateObject(1256, 1767.20325, -1906.34814, 13.23370,   0.00000, 0.00000, -90.00000);
CreateObject(1256, 1762.98438, -1906.34814, 13.23370,   0.00000, 0.00000, -90.00000);
CreateObject(983, 1774.30896, -1887.72949, 12.67600,   0.00000, 0.00000, 0.00000);
CreateObject(983, 1774.30896, -1906.73547, 12.67600,   0.00000, 0.00000, 0.00000);
CreateObject(983, 1774.30896, -1900.32666, 12.67600,   0.00000, 0.00000, 0.00000);
CreateObject(984, 1804.72375, -1884.53894, 12.62800,   0.00000, 0.00000, 90.00000);
CreateObject(1256, 1760.12158, -1916.18994, 13.23370,   0.00000, 0.00000, 180.00000);
CreateObject(1256, 1760.12158, -1924.43054, 13.23370,   0.00000, 0.00000, 180.00000);
CreateObject(1256, 1760.12158, -1931.66907, 13.23370,   0.00000, 0.00000, 180.00000);